189
55 -67 -82 81 -56 -14 -55 -93 -81 1 -24 -69 40 34 82 -29 89 -65 -70 40 -78 -23 -72 86 -73 -97 38 8 55 42 -12 -66 99 -26 7 -63 -5 -44 23 -56 15 71 37 -32 92 30 76 -55 -86 83 -24 84 -52 82 -92 -40 96 6 -45 -92 91 -70 27 22 82 -10 -87 49 -97 19 -67 -10 -60 -5 18 -37 5 69 -50 -32 -55 -18 -49 48 93 -36 11 -57 -87 -24 67 5 7 -19 47 68 -49 -22 10 -9 71 -42 34 42 92 -91 42 57 63 -27 -53 -36 3 34 -63 21 58 -19 -20 78 -4 -68 -72 -34 55 -78 31 42 -40 50 -88 -57 -100 81 -88 27 65 -84 -96 -44 -39 -65 100 54 -100 62 19 91 20 56 39 -62 -84 -85 34 -18 -39 -42 -5 -87 47 -72 74 -31 -3 -8 -95 85 -77 -88 -2 71 10 88 49 -44 -75 -28 55 -45 -21 70 -9 -9 -21 -63 81 -86 29
46 -51 -86 -91 -40 -74 -63 -40 -36 20 2 -72 9 -11 -74 5 7 -72 28 -13 -36 -64 -34 -41 55 -96 -18 -48 36 99 -60 -47 14 23 1 -84 -90 22 -4 62 -45 -90 74 -9 -51 87 36 71 -64 16 -42 -35 4 -26 9 65 -73 35 -18 21 -44 61 53 -71 -73 61 7 91 -96 -38 -23 -80 -81 91 -22 79 59 -11 -5 -93 -71 72 39 -13 -66 54 3 49 -35 -83 4 66 55 -40 12 43 -98 -41 82 95 -39 -34 18 -78 -31 64 13 68 -37 -89 -4 61 -2 -69 -92 25 41 -41 -44 -12 -54 -41 65 7 31 22 -60 -15 -83 -87 -97 -67 -49 79 13 -52 -56 30 -65 77 -45 -70 -23 -82 56 25 59 -96 33 -8 -88 31 1 -90 -36 -1 23 42 -57 67 -85 -23 80 -40 -39 86 68 76 -21 -35 -40 11 15 2 29 -50 -27 -8 -75 -85 -13 57 -1 67 99 -16 90 -24 79
69 100 10 10 5 89 58 -77 63 -85 22 -8 -91 -25 84 -45 77 -5 -56 -35 23 99 -67 43 100 -31 -30 57 -8 10 80 -19 -87 -50 87 -73 -40 20 50 -14 -44 77 53 -9 89 -60 81 87 -95 57 -54 -91 72 57 -85 1 -43 -50 -27 -80 14 -70 24 -43 32 5 48 -25 -9 -48 83 -68 42 -4 47 -65 1 79 -93 87 -50 -85 -26 61 63 88 52 45 20 76 1 -90 31 -28 -78 59 -60 -24 44 73 -67 -34 100 62 -73 18 37 -29 -69 30 66 60 -21 53 -7 -2 -62 52 -94 80 3 -91 -54 -9 -45 -71 14 27 -53 5 -78 64 -46 -67 -22 -53 100 -74 -38 -22 -99 68 -78 95 -19 -77 92 97 -70 -13 -65 -35 -49 -82 -56 51 71 -5 -41 85 -51 25 60 81 -80 24 23 56 15 2 -88 -15 -26 87 33 -58 4 -26 84 93 -50 64 -17 -2 -25 -11 42 19 23
82 99 33 78 -48 -25 -68 54 -63 -6 -17 53 -86 -85 19 69 40 -17 20 76 -7 -82 -40 -12 92 -48 80 -63 33 0 19 18 -34 -82 -97 -99 -94 -52 -68 32 -60 -33 57 -11 -45 -61 -9 8 39 -88 -98 -39 42 20 62 -53 23 76 -31 -27 68 -29 23 -14 14 -11 77 76 -24 -18 -56 -30 -84 -97 -32 -48 16 -33 68 86 -28 -67 85 92 -42 71 28 40 -42 2 -59 -79 7 8 70 -9 -55 44 60 75 -1 25 50 7 -42 38 -65 -42 3 51 52 38 81 -81 -84 68 -57 -25 -9 -58 25 -12 47 -79 51 15 -70 -25 -62 8 85 41 69 -20 -74 2 -41 -34 82 6 6 55 79 -37 14 24 7 -93 61 -65 93 15 0 -36 96 35 78 87 -47 -42 -53 -87 31 59 95 -21 -45 55 -57 -37 78 -75 -46 8 60 -39 91 27 43 -44 -30 -83 57 38 27 44 -71 84 -15




3
0 1 -1
-1 1 0
0 0 1
-1 1 1