1
511
1101010101010101010101010101010101010101010101010101010101010101010101010101010101010101010101010101010101010101010101010101010101010101010101010101010101010101010101010101010101010101010101010101010101010101010101010101010101010101010101010101010101010101010101010101010101010101010101010101010101010101010101010101010101010101010101010101010101010101010101010101010101010101010101010101010101010101010101010101010101010101010101010101010101010101010101010101010101010101010101010101010101010101010101010101010

Checker Log

2
9
101101111
37
1011011111011010000011011111111011111


6
1
1
1
0
2
11
3
010
9
101101111
37
1011011111011010000011011111111011111
