166
30

0

0

0

0

0

0

0

0

0

0

0

0

0

11

0

0

0

0

8

0

0

0

0

0

0

0

0

0

0

0

0

0

0

0

0

0

0

0

0

0

0

0

0

0

0

0

0

12

0

0

0

0

0

12

0

0

0

0

0

0

0

0

0

0

14

0

0

0

0

0

42

0

0

0

0

0

0

0

0

0

0

0

0

0

0

0

0

20

0

0

0

0

0

0

0

0

0

0

8

0

0

0

0

0

0

0

0

0

0

0

0

0

0

0

0

0

0

0

0

0

0

0

124

28

0

0

0

0

0

0

0

0

0

0

4

0

0

59

0

0

0

0

0

0

0

0

0

0

3

35

0

0

0

0

0

0

0

0

0

0

0

0

0

0

0

30

0

0

0

0

158

0

0

0

0

0

0

0

0

8

0

0

0

0

0

0

0

0

0

0

0

0

0

35

35

0

0

0

0

0

0

0

35

0

0

0

0

0

0

0

0

0

0

0

0

0

0

0

0

12

0

67

0

0

30

40

0

40

0

0

14

0

0

0

0

0

36

0

0

0

0

0

0

0

0

0

0

0

0

0

0

0

0

0

0

0

0

46

0

0

0

0

0

0

0

0

0

0

0

0

0

0

0

0

0

0

0

0

0

0

0

0

0

0

0

0

0

0

36

118

0

0

0

0

0

0

0

0

0

0

0

0

0

59

24

0

0

0

0

0

0

0

0

0

0

35

0

0

0

0

0

0

0

0

0

0

0

0
